(	2,	3,	4),	 
(	9,	5,	7),	 
(	8,	1,	6)

(	2,	3,	4),	 
(	9,	5,	1),	 
(	8,	7,	6)

(	2,	3,	4),	 
(	9,	7,	5),	 
(	8,	1,	6)

(	2,	3,	4),	 
(	9,	7,	1),	 
(	8,	5,	6)

(	2,	3,	4),	 
(	9,	1,	7),	 
(	8,	5,	6)

(	2,	3,	4),	 
(	9,	1,	5),	 
(	8,	7,	6)

(	2,	3,	8),	 
(	9,	5,	7),	 
(	4,	1,	6)

(	2,	3,	8),	 
(	9,	5,	1),	 
(	4,	7,	6)

(	2,	3,	8),	 
(	9,	7,	5),	 
(	4,	1,	6)

(	2,	3,	8),	 
(	9,	7,	1),	 
(	4,	5,	6)

(	2,	3,	8),	 
(	9,	1,	7),	 
(	4,	5,	6)

(	2,	3,	8),	 
(	9,	1,	5),	 
(	4,	7,	6)

(	2,	9,	4),	 
(	3,	5,	7),	 
(	8,	1,	6)

(	2,	9,	4),	 
(	3,	5,	1),	 
(	8,	7,	6)

(	2,	9,	4),	 
(	3,	7,	5),	 
(	8,	1,	6)

(	2,	9,	4),	 
(	3,	7,	1),	 
(	8,	5,	6)

(	2,	9,	4),	 
(	3,	1,	7),	 
(	8,	5,	6)

(	2,	9,	4),	 
(	3,	1,	5),	 
(	8,	7,	6)

(	2,	9,	8),	 
(	3,	5,	7),	 
(	4,	1,	6)

(	2,	9,	8),	 
(	3,	5,	1),	 
(	4,	7,	6)

(	2,	9,	8),	 
(	3,	7,	5),	 
(	4,	1,	6)

(	2,	9,	8),	 
(	3,	7,	1),	 
(	4,	5,	6)

(	2,	9,	8),	 
(	3,	1,	7),	 
(	4,	5,	6)

(	2,	9,	8),	 
(	3,	1,	5),	 
(	4,	7,	6)

(	4,	3,	2),	 
(	1,	5,	9),	 
(	6,	7,	8)

(	4,	3,	2),	 
(	1,	7,	9),	 
(	6,	5,	8)

(	4,	3,	2),	 
(	5,	1,	9),	 
(	6,	7,	8)

(	4,	3,	2),	 
(	5,	7,	9),	 
(	6,	1,	8)

(	4,	3,	2),	 
(	7,	5,	9),	 
(	6,	1,	8)

(	4,	3,	2),	 
(	7,	1,	9),	 
(	6,	5,	8)

(	4,	1,	6),	 
(	3,	5,	7),	 
(	2,	9,	8)

(	4,	1,	6),	 
(	3,	7,	5),	 
(	2,	9,	8)

(	4,	1,	6),	 
(	9,	5,	7),	 
(	2,	3,	8)

(	4,	1,	6),	 
(	9,	7,	5),	 
(	2,	3,	8)

(	4,	5,	6),	 
(	3,	1,	7),	 
(	2,	9,	8)

(	4,	5,	6),	 
(	3,	7,	1),	 
(	2,	9,	8)

(	4,	5,	6),	 
(	9,	7,	1),	 
(	2,	3,	8)

(	4,	5,	6),	 
(	9,	1,	7),	 
(	2,	3,	8)

(	4,	7,	6),	 
(	3,	5,	1),	 
(	2,	9,	8)

(	4,	7,	6),	 
(	3,	1,	5),	 
(	2,	9,	8)

(	4,	7,	6),	 
(	9,	5,	1),	 
(	2,	3,	8)

(	4,	7,	6),	 
(	9,	1,	5),	 
(	2,	3,	8)

(	4,	9,	2),	 
(	1,	5,	3),	 
(	6,	7,	8)

(	4,	9,	2),	 
(	1,	7,	3),	 
(	6,	5,	8)

(	4,	9,	2),	 
(	5,	1,	3),	 
(	6,	7,	8)

(	4,	9,	2),	 
(	5,	7,	3),	 
(	6,	1,	8)

(	4,	9,	2),	 
(	7,	5,	3),	 
(	6,	1,	8)

(	4,	9,	2),	 
(	7,	1,	3),	 
(	6,	5,	8)

(	6,	5,	4),	 
(	1,	7,	3),	 
(	8,	9,	2)

(	6,	5,	4),	 
(	1,	7,	9),	 
(	8,	3,	2)

(	6,	5,	4),	 
(	7,	1,	3),	 
(	8,	9,	2)

(	6,	5,	4),	 
(	7,	1,	9),	 
(	8,	3,	2)

(	6,	5,	8),	 
(	1,	7,	3),	 
(	4,	9,	2)

(	6,	5,	8),	 
(	1,	7,	9),	 
(	4,	3,	2)

(	6,	5,	8),	 
(	7,	1,	3),	 
(	4,	9,	2)

(	6,	5,	8),	 
(	7,	1,	9),	 
(	4,	3,	2)

(	6,	1,	4),	 
(	5,	7,	3),	 
(	8,	9,	2)

(	6,	1,	4),	 
(	5,	7,	9),	 
(	8,	3,	2)

(	6,	1,	4),	 
(	7,	5,	3),	 
(	8,	9,	2)

(	6,	1,	4),	 
(	7,	5,	9),	 
(	8,	3,	2)

(	6,	1,	8),	 
(	5,	7,	3),	 
(	4,	9,	2)

(	6,	1,	8),	 
(	5,	7,	9),	 
(	4,	3,	2)

(	6,	1,	8),	 
(	7,	5,	3),	 
(	4,	9,	2)

(	6,	1,	8),	 
(	7,	5,	9),	 
(	4,	3,	2)

(	6,	7,	4),	 
(	5,	1,	3),	 
(	8,	9,	2)

(	6,	7,	4),	 
(	5,	1,	9),	 
(	8,	3,	2)

(	6,	7,	4),	 
(	1,	5,	3),	 
(	8,	9,	2)

(	6,	7,	4),	 
(	1,	5,	9),	 
(	8,	3,	2)

(	6,	7,	8),	 
(	5,	1,	3),	 
(	4,	9,	2)

(	6,	7,	8),	 
(	5,	1,	9),	 
(	4,	3,	2)

(	6,	7,	8),	 
(	1,	5,	3),	 
(	4,	9,	2)

(	6,	7,	8),	 
(	1,	5,	9),	 
(	4,	3,	2)

(	8,	3,	2),	 
(	5,	7,	9),	 
(	6,	1,	4)

(	8,	3,	2),	 
(	5,	1,	9),	 
(	6,	7,	4)

(	8,	3,	2),	 
(	7,	5,	9),	 
(	6,	1,	4)

(	8,	3,	2),	 
(	7,	1,	9),	 
(	6,	5,	4)

(	8,	3,	2),	 
(	1,	5,	9),	 
(	6,	7,	4)

(	8,	3,	2),	 
(	1,	7,	9),	 
(	6,	5,	4)

(	8,	5,	6),	 
(	3,	7,	1),	 
(	2,	9,	4)

(	8,	5,	6),	 
(	3,	1,	7),	 
(	2,	9,	4)

(	8,	5,	6),	 
(	9,	7,	1),	 
(	2,	3,	4)

(	8,	5,	6),	 
(	9,	1,	7),	 
(	2,	3,	4)

(	8,	7,	6),	 
(	3,	5,	1),	 
(	2,	9,	4)

(	8,	7,	6),	 
(	3,	1,	5),	 
(	2,	9,	4)

(	8,	7,	6),	 
(	9,	5,	1),	 
(	2,	3,	4)

(	8,	7,	6),	 
(	9,	1,	5),	 
(	2,	3,	4)

(	8,	1,	6),	 
(	3,	5,	7),	 
(	2,	9,	4)

(	8,	1,	6),	 
(	3,	7,	5),	 
(	2,	9,	4)

(	8,	1,	6),	 
(	9,	5,	7),	 
(	2,	3,	4)

(	8,	1,	6),	 
(	9,	7,	5),	 
(	2,	3,	4)

(	8,	9,	2),	 
(	5,	7,	3),	 
(	6,	1,	4)

(	8,	9,	2),	 
(	5,	1,	3),	 
(	6,	7,	4)

(	8,	9,	2),	 
(	7,	5,	3),	 
(	6,	1,	4)

(	8,	9,	2),	 
(	7,	1,	3),	 
(	6,	5,	4)

(	8,	9,	2),	 
(	1,	5,	3),	 
(	6,	7,	4)

(	8,	9,	2),	 
(	1,	7,	3),	 
(	6,	5,	4)

4x4

(  1,  2, 14,  7),
(  5, 10,  4,  16),
( 15,  6, 12,  8),
(  13,  9,  3,  11)
         val: 802

( 15,  6,  7, 16),
(  4,  2,  1, 10),
(  9, 11, 13,  3),
(  8, 14,  5, 12)
         val: 1392
It took me 0.007 s, total: 0.001 m (4)

5x5
small found... 2791

( 11, 13, 17, 19, 23),
( 22,  8,  4, 14,  7),
(  2, 16, 24,  6, 21),
( 10, 20, 12, 18,  9),
(  5, 25, 15,  3,  1)
         val: 3158
It took me 0.583 s, total: 0.014 m (5)
		 
( 20,  6, 11,  8, 12),
(  9,  2, 13, 25, 21),
( 14,  17,19, 23,  5),
( 15,  7,  1,  3, 16),
( 24,  4, 22, 10, 18)
         val: 6149
It took me 0.054 s, total: 0.003 m (5)

6x6
(   1, 11, 22,  2, 34, 17),
(  19, 33,  6, 24, 16,  8),
(  27, 18, 36, 12, 32,  4),
(   3,  9, 30, 20, 28, 26),
(  23, 15, 10, 21, 14, 13),
(  29,  5, 25, 35,  7,  31)
         val: 10040
It took me 14.656 s, total: 1.121 m (6)

( 18, 28, 33, 10, 16, 24),
( 35,  4, 13,  2, 34, 15),
(  9,  5,  1, 19,  7,  6),
(  8,  3, 23, 29, 11, 27),
( 12, 17, 31, 25, 26, 20),
( 30, 32, 22, 21, 14, 36)
         val: 21350
It took me 10.951 s, total: 5.338 m (6)

7x7
(  1, 29,  3, 27,  9, 31, 37),
( 13, 39,  6, 18, 45, 15, 25),
( 26, 33, 12, 36, 30, 10,  5),
( 11, 22, 48, 24, 40, 20, 35),
( 41, 44, 16, 32, 42, 21, 49),
( 17, 34,  4,  8, 28, 14,  7),
( 43, 23, 46,  2, 38, 19, 47)
         val: 25464
It took me 67522.123 s, total: 1545.602 m (7)

( 42, 18, 15, 39, 32, 20, 24),
 ( 12,  9,  7, 11, 38, 35, 44),
 ( 10, 23, 17, 43,  2,  5, 16),
 (  8, 49,  1, 47, 37,  3, 27),
 ( 22,  4, 31, 29, 41, 13, 14),
 ( 45, 26, 19, 25, 34, 46, 30),
 ( 48, 40, 28, 33,  6, 21, 36)  val: 57192 

8x8

( 59, 19, 38, 13, 26, 58, 29, 23),
 ( 17, 57, 34, 39, 52,  4, 46, 31),
 (  3, 51,  6, 12, 24, 16,  8, 62),
 ( 27, 54, 18, 36, 48, 32, 64,  2),
 (  9, 63, 42, 56, 60, 40, 44, 22),
 ( 43, 21, 45, 28, 30, 20, 33, 11),
 ( 53,  7, 14, 15, 10, 50, 55, 41),
 ( 61,  1, 49, 35,  5, 25, 47, 37)  val: 58837  

( 48, 40, 12, 35, 26, 18, 28, 30),
 ( 63, 15, 25, 31,  4, 34, 27, 42),
 ( 44, 38, 13,  2, 23, 11,  8, 64),
 ( 10,  9, 53, 41, 61,  3, 29, 57),
 ( 33, 58, 37,  1, 47, 59, 49, 22),
 ( 32, 51, 19, 43, 17,  5, 39, 20),
 ( 54, 14,  6, 46,  7, 55, 16, 24),
 ( 60, 56, 52, 21, 62, 50, 45, 36)  val: 137591  
 
 
9x9

(1,1,7,7,8,32,4,2,1),
(1,77,44,14,28,32,16,34,17),
(11,22,33,66,80,56,48,68,51),
(5,55,70,40,42,24,72,12,6),
(25,35,10,20,60,21,36,18,27),
(38,76,50,75,30,45,63,54,27),
(19,46,57,65,15,52,78,9,3),
(1,23,69,74,58,26,39,62,1),
(1,1,1,37,29,13,1,31,1)
         val: 128439
It took me 0.050 seconds. (9)

	36, 60, 72, 80
2	18, 30, 36, 40
2	9,  15, 18, 20

( 36, 48, 18, 38, 21, 27, 56, 40, 60),
( 78, 33, 22,  9,  7, 62, 68, 32, 70),
( 75, 65, 46, 13, 11,  5, 19, 15, 50),
( 44,  8, 29,  1,  1,  1, 23, 51, 52),
( 27, 74,  7,  1,  1,  1,  1, 37, 16),
( 35, 10, 17,  1,  1,  1,  2,  6, 12),
( 42, 57,  4, 31,  1,  3, 58, 55, 63),
( 30, 32, 34, 14, 69, 25, 77, 39, 66),
( 80, 24, 20, 28, 26, 76, 45, 54, 72)
         val: 298379
It took me 964.503 s, total: 45.778 m (9)

10x10

( 1, 1, 3, 2, 8,16, 4,57,19,  1),
(11,22,44,55,32,32,80,76,38, 95),
(33,99,66,88,48,96,30,40,20,  5),
(62,77, 6,72,24,12,60,15,100,10),
(93,27,54,18,36,90,45,70,75, 50),
(31, 9,27,63,42,84,56,35,65, 25),
(69,46,92,21,14,28,78,52,87, 58),
(23,74,51,68,98,85,39,26,94, 29),
( 1,37,82,34,49, 7,91,13,47,  1),
( 1, 1,41,17, 1,86,43, 1, 1,  1)
         val: 247347
It took me 0.113 seconds. (10)

 ( 60, 72, 50, 28, 38, 52, 32, 66, 80, 90),
 ( 48, 75, 68, 85, 69, 57, 81, 35, 12, 42),
 ( 44, 55, 93, 82, 13,  5,  9, 94, 39, 56),
 ( 63, 10, 74,  7, 53, 97, 29, 86, 27, 98),
 ( 33,  8, 19, 89,  1, 67, 71, 11, 62, 92),
 ( 46, 87, 43, 79, 83, 61, 73, 17, 77, 21),
 ( 64, 49,  4,  3,  2, 59, 37, 58, 26, 20),
 ( 78, 14,  6, 47, 31, 23, 41, 25, 15, 88),
 ( 40, 54, 22, 91, 65, 51, 34, 95, 24, 36),
 ( 84, 70, 45, 18, 16, 76, 99, 30,100, 96)  val: 592874   
 
11x11

(1,1,5,19,95,57,38,55,65,11,11),
(1,1,25,50,10,76,110,33,44,22,13),
(17,85,75,100,20,114,35,99,66,39,77),
(34,68,15,30,60,105,70,117,78,88,26),
(51,102,45,90,120,40,80,63,104,52,91),
(115,27,119,54,108,72,84,42,21,14,7),
(3,9,27,18,36,24,48,56,28,98,49),
(1,69,46,6,12,96,32,112,8,2,86),
(1,23,111,92,93,32,16,116,4,106,43),
(1,1,37,74,62,82,87,58,94,53,1),
(1,1,1,1,31,41,29,118,59,47,1)
         val: 442236
It took me 0.227 seconds. (11)

( 60, 96, 54, 40, 75, 58, 52,117, 70, 72, 84),
( 80, 66, 63, 77, 38, 87, 26,115, 55, 45, 30),
( 56, 12, 49, 74, 82,  5, 53, 94, 57, 92,102),
( 50, 16,  8, 19,  3,  1,  7, 17, 62, 21, 88),
( 68, 27, 59, 31,  1,  1,  1, 43, 13,119, 32),
( 39, 14, 11,  1,  1,  1,  1,  1,  4, 22, 33),
( 44, 85, 86, 23,  1,  1,  1,  1,118,111, 76),
( 24, 46,  9, 37, 47,  1,  2, 11,  6, 27, 18),
( 36, 51, 65, 93,106, 29, 41, 25, 10, 35,100),
(105,114, 28, 91, 95, 69, 34, 15, 98, 78,112),
( 90,110, 42,104, 99,116, 32, 20, 48,108,120)
         val: 1099626

12x12

(  1,  1, 13, 65, 39,143, 55, 11, 33, 11,  3,  1),
(  1,  5, 26,130, 77,117,110, 22, 99,115,  9, 23),
( 37, 25, 91, 52, 15, 78, 45,135, 66, 44, 27, 69),
( 74, 25, 50, 75,104, 21, 30, 90,132, 88, 27, 46),
(  7,111, 35,100,105, 42, 60,126, 63,108,138, 92),
( 49, 95, 10, 70,140, 40, 84,120, 72, 36, 54,  6),
(  1, 85, 98, 14, 20, 28, 80, 48,144, 24, 18,129),
( 19,133,119, 57,114,102, 56,112, 96, 12,141, 86),
( 61,122, 38, 76, 51,136, 16, 32, 64, 64,123, 43),
(  1, 17,  2, 34, 68,  4,  8,116, 87, 82, 94, 47),
(  1,  1, 67,134, 62,124, 93, 58,118,142, 41,  1),
(  1,  1,  1,  1, 31, 53,106, 29, 59, 71,  1,  1)
         val: 751951
It took me 0.442 seconds. (12)

(144,112, 42, 24, 92, 28,124, 99,100,105,132,120),
( 90,130, 64, 39, 22,134,133, 85,116, 68,110,108),
( 70, 63,143, 94, 86,  9, 87,  6,115, 16,114,135),
( 40, 69, 25,118, 41, 37,  3, 71,125, 77, 12,104),
(102, 15, 93, 19,139,  1,127,131, 47,106, 98, 32),
( 27, 38,122,  5,109, 73,107,103,  7,123, 26, 18),
( 20,119,111, 43, 83,101, 89,113, 61,121, 10, 51),
( 52, 91, 49, 53,  2,137, 97, 79, 59, 74, 95,117),
( 88, 57,  8, 82, 17, 29, 11, 31, 13,129, 34,138),
( 54, 55, 35, 46,142,  4, 67, 23, 14, 21, 65, 48),
( 96, 36,136, 33, 58,141, 62, 81, 76,128, 56,126),
( 60, 84, 66, 78, 45, 50, 75, 44, 30, 80, 72,140)
         val: 1932498
It took me 230.452 s, total: 7.907 m (12)

13x13

(  1,  1,  7, 49, 98, 14, 35,119, 25, 25,  5, 17,  1),
(  1, 31,155,147, 15, 28, 70,153, 10, 51, 85, 34, 13),
(  1, 62, 21, 63, 42,105,140, 75, 50,102, 68, 91, 13),
( 53, 93,124,  6,126, 84, 56,150,100, 20,136,130, 65),
(106,159, 77,154, 45,168,112, 60, 40, 80,117, 39, 26),
(  3,  9, 27, 55,135, 90, 30, 72,120,160,156, 78, 52),
( 11,123, 81,162,165,110,108,144, 48, 96, 32,143,104),
( 41, 82,161, 99, 54,132, 18, 36, 24, 64, 64,  8,145),
(  1, 11,164, 33, 66, 44, 88, 12,133, 16, 95,116, 58),
( 79,158,111, 22,148,138,115,114,152, 76,  4, 87, 29),
(  1, 73,146, 74, 69, 46, 92,129, 57, 38,  2,142, 71),
(  1,  1, 37, 23,122,118,141, 94, 86,166, 19,  1,  1),
(  1,  1,  1, 61, 59, 67,134, 47, 43, 83,  1,  1,  1)
         val: 1246105
It took me 0.716 seconds. (13)

( 84,140,160, 78, 45, 64, 51, 76, 24, 56, 48,150,144),
(126,162, 30, 55, 58, 22, 46,161, 39, 52, 40,154, 60),
(132,147,148, 91,  6,  9,142, 41, 87, 62, 35, 88,108),
(135, 65, 34,158, 11, 67, 53, 37, 86, 25,133, 68,165),
(104, 69, 10,  4, 59, 47,  1,  2, 61,166, 25, 21, 99),
(114, 16, 93, 73,  5,  1,  1,  1,  3, 13,141,155, 98),
( 50, 82,129, 29,  1,  1,  1,  1,  1, 17,  8, 85,164),
( 92, 95,106, 19,  1,  1,  1,  1,  1, 13,146, 38, 32),
(153, 33,119, 83, 31,  1,  1,  1, 43, 23,159, 57, 63),
( 36, 12, 14, 94,122,  7, 71, 11, 79,118, 27, 18,138),
(112,136, 77, 26,123, 49,111,134,145, 74, 81,102,130),
( 72,105, 75,117,124,143,115, 15,116, 20, 28, 70, 90),
(120, 96,110,100, 54,152, 44, 64, 66, 42, 80,156,168)
         val: 3208482

14x14


(  1,  1, 17, 23, 46, 69,  8,187,161, 55, 22, 11,  1,  1),
(  1,  1, 34, 51, 92,184, 32, 16,119,176, 44, 33, 11,  1),
( 71,  2,115, 68,136,138, 64, 64, 12,110, 88, 99,  9, 77),
(142,  4, 85,102,153,160, 96,192, 48,165,132, 66,154,  7),
( 29,116,174,170,  6, 40, 80,144, 72,108,112, 81, 63, 27),
( 58, 87,152,171, 20, 60,120, 24, 36,168,162, 56,189,143),
(145, 57, 76,114,100, 30, 90,180,135, 54, 84,126,196, 21),
( 38, 95,190, 50, 75,150, 45,156,140,105, 18, 42,147, 98),
( 19,172, 25, 10,133, 15,195,104,175, 70, 35, 28, 14, 49),
( 86,  5,129, 25,186,130, 52, 78, 39,117,182, 91,134, 67),
( 43,158,155,188,124,148, 65,164, 26,  3,177,118,166, 83),
(  1, 79, 94,141, 62, 93,185,111, 82,123,178, 59,  1,  1),
(  1, 47, 31,122,183, 74,106,159,194, 13, 13, 89,  1,  1),
(  1,  1,  1, 61, 73,146, 37, 53, 41, 97,  1,  1,  1,  1)
         val: 1986919
It took me 1.656 seconds. (14)

(180,126,150, 88,154, 54, 32,117,175, 56,130, 80,144,120),
(192,165, 70,184, 12, 93, 57, 62, 18,153, 91,190,135, 84),
(196, 66, 44, 51, 82,161,146, 25, 86,143, 15, 81, 24,156),
(105,138, 27,111,178, 47, 11, 19, 59,159, 34,116, 76,112),
(170, 68,145,194, 61,  5,  1,  1, 71, 79,122, 26,188, 64),
(174,148,115, 83, 11,  1,  1,  1,  1,  7,123, 10, 20,147),
( 52,124,129,  4,  1,  1,  1,  1,  1, 67, 43,  6, 33, 63),
( 65, 16,177,134, 41,  1,  1,  1,  1,  2, 13,185, 74,136),
( 40, 21, 49,106, 29,  1,  1,  1,  1, 23,166,155, 87,114),
(152, 39, 94,158, 17, 31,  3,  1, 53, 97,118,133, 85,110),
( 78,171, 38,119,142, 37, 13, 73, 89,  8,187, 69, 50, 42),
( 48,100, 95, 55, 14, 25,183,  9,141, 58, 46, 98, 36,132),
( 72,162,182, 28, 99,172, 22, 35,164, 77, 92, 75,108, 96),
(168, 60,160,189, 30, 45, 64,104,102,186,176,195, 90,140)
         val: 5176609
It took me 221.817 s, total: 15.918 m (14)

15x15

(  1,  1, 13, 11, 91, 77,  7, 14, 49, 21,  3,203,  1,  1,  1),
(  1, 13,143, 26, 39, 65,154, 55, 98,147, 35,116, 58, 29, 59),
(  1, 11,217, 22, 33,182,130,195,196, 28, 10,175, 87,145,  5),
( 31,221,119, 44, 88, 78,117,110,165, 42, 70,105,174, 25,118),
( 17,187, 52,104,208, 66,220, 56, 99,140,210, 63, 50, 15,177),
( 62, 93,155, 85,176,156,132,198,168, 84,126,100,189, 75, 25),
( 34,124, 51,186,170,153,224,112, 40,200, 30,150,225, 45,  9),
(106,159, 68,136,102,204,160, 80,120, 60,180, 90, 20,135, 27),
( 53,212,  4,161, 32, 64,192, 96,144,216,108, 54,162, 81,219),
( 94,141,188,  8, 16, 64,209, 48, 24, 72, 36, 18,133,185,146),
( 47,122,183,213,184,138,207, 12,  6,114,190,222, 95,111, 73),
( 61, 71,142, 46, 92, 69,115,152, 76, 57,171,148, 74,194, 37),
(  1,  1, 23,166,134,201,172,164,215, 38,205,158,178, 89, 97),
(  1,  1, 83,214,202,218, 86,129, 82,123,206, 19, 79,  1,  1),
(  1,  1,  1,107,101, 67,109, 43,  2, 41,103,  1,  1,  1,  1)
         val: 3020360
It took me 3.833 seconds. (15)


(210,198,156,165,135,130,138,171, 64, 88,189,100,150,216,120),
( 84,112,110,190,172, 85, 51, 34,106, 12,147,154, 36, 96,140),
( 72, 48,175, 91,209,217,219,183, 25,143, 82,148, 44,162, 90),
(160,102,117,161,159,  9, 97,178,142,  6,  8,221,116,136,208),
( 56, 20, 15,123,134, 37, 47, 59,101, 67,166,203, 14, 92, 80),
( 98,124,215,214, 11,  5,  1,  1,  1,  2, 79,129, 38,111,186),
(174,188,145,109, 23,  1,  1,  1,  1,  1,103, 25,115, 39, 45),
( 68, 26, 10, 13,  3,  1,  1,  1,  1,  1,  7, 31,205, 33,152),
( 76, 93,119,206, 19,  1,  1,  1,  1, 61, 71,118, 94, 87, 64),
( 28, 32,185,177, 73, 83,  1,  1,  1, 17,107,218,155, 65, 42),
(222, 81, 21,213,158, 29, 11, 89, 41, 53,141,146, 57,207, 66),
(225,184, 69, 22, 49,122, 13,  4, 43,194,133, 74, 18, 63,196),
(126,104,114,164, 16, 62,202, 58,201, 46, 86, 95, 99, 78,224),
(192,132,176, 54, 77, 35,212,187, 27, 55, 52, 75,182,204,220),
(180,200,108,195, 30, 40, 24, 50,153,170, 70,105, 60,144,168)
         val: 8093038
It took me 1607.468 s, total: 30.766 m (15)

16x16

(  1,  1,  1,  5,221, 13, 13, 65, 39, 26,235,  9,141, 47,  1,  1),
(  1,  1, 17,143, 25,125, 15,130,195, 91,117, 52,188, 94,  3,  1),
(  1,187, 85, 51,153,250, 75,225, 45, 78,234,104, 27, 81,155, 31),
(  1, 34,247,170,255,102, 50,100, 20,135,156,208,162, 81, 93, 62),
( 11, 22, 55, 68,165, 99,204,150,200, 90,182,108, 54, 18,186,124),
(121,242, 33, 10,110,220,136,198, 30,180, 80,216, 36, 12,  6,248),
(113,209,119, 44,238, 66,132,175, 60,120,240, 72,144, 24, 16,217),
(226,115, 95,207,190,171, 88,176,210, 40,252,160,189, 48, 32,  8),
( 19,253, 57,230,138,154,231,228,105,140,126, 63, 96,192, 64,  4),
( 23,215, 69, 77, 92,114,152, 35, 70, 84,168,112,224,128, 64,237),
(  1, 46,205, 38,133, 76,184,245,147, 42, 28, 56,174,232, 87,158),
( 89,178,129,161,172,185,246,222, 98,196, 21, 14,145,116, 58, 79),
(  1, 43, 86, 82,123,164,201,111,148, 49,236,212,159,203,218, 29),
(  1,  1, 41,194,249,219, 74,213,183,244,177,118,106,202,254,109),
(  1,  1, 97, 83,166,146,134,142,  7,122,  2,214,206, 53,127,  1),
(  1,  1,  1,  1,  1, 73, 67, 37, 71, 61, 59,107,103,101,  1,  1)
         val: 4519096
It took me 12.801 seconds. (16)

(252, 90,204, 80,114,230,175, 63, 75,116, 54, 66, 48,224,220,210),
(234, 60,135,184, 98, 81,236, 65, 16,212, 28,152, 88, 36,200,120),
( 72, 96,246,207, 57, 87, 74,217, 94, 22, 34, 95,242,186,255, 84),
(108,250,124, 39, 58, 49,145,158, 19,178,219,235,111, 77, 99,156),
(231, 64, 33,205,201,218, 71,103, 59, 31,214,  6,187, 21,119,182),
(170, 76, 15,249, 23, 17, 43,  1,  1, 53, 13,  4, 86, 82, 81, 56),
(104, 55,253,183, 47, 97,  1,  1,  1,  1, 67,127,166,247, 69,128),
( 24, 35,221,129,101,  1,  1,  1,  1,  1,  1,113,  9, 10,122,245),
(153,244, 14,226, 13,  1,  1,  1,  1,  1,  1,  5,202,215,148, 30),
(128, 44, 26,254, 79,  7,  1,  1,  1,  1,  3, 61,213,143, 68, 70),
( 42, 52, 62,185,142,107,  2,  1,  1, 73, 41,194,237, 46, 50,208),
(238, 40, 91,133,146, 11, 89, 83, 37, 29,109,  8, 38,125,130,225),
(100,195, 32,172,121, 25,177,159,206,134,203,161,123, 18,117,160),
(198,110,222,147, 93, 27,106,141,209,155,118, 51, 92,248,165,192),
(140,112,176,190, 45, 12,164,188, 85,115, 20,174,102,189,144,216),
(240,168,150,105,162,138,232,171,136, 78,154,196,132,228,126,180)
         val: 12214769
It took me 255.238 s, total: 11.723 m (16)

17x17

(  1,  1,  1, 37,185,  5,259,125, 25, 35,275, 55, 49,  7, 11,  1,  1),
(  1, 53,265, 74,111,161,253,250, 10,175,245,147, 33, 77,242,121, 17),
(  1, 23,106,115,148,222, 15, 75, 50, 21,165,110, 98, 14, 22,187, 17),
(  1,159,287,212,230,225,150,100,105, 70, 99,231,154, 44, 85,119,143),
( 41,205, 46, 92, 45, 20, 63,200,140, 28,220, 66,196,255,238, 51,221),
(123, 69,207,138,135, 30,189,210,280,198,132,176, 88,170, 65,286, 34),
( 82,164,246,184,276, 90, 60,126, 84, 42,264,195,130,273,153, 91, 13),
(  3,215, 27, 81, 54,270,180,120,252,168, 56,260,204,102,182, 68, 13),
(129,  9, 81,285,162,108, 40,240, 80,224,112,156, 78,272,136, 39,202),
( 86,235,258,  6,190, 36,216,144,288,160,234,117,208,104, 52, 26,101),
( 43,172, 95,171,133, 18,266, 72, 96,192, 64,209, 16,203,236,177, 59),
(103,206,141,282,114,228, 12, 24, 48,128,128, 32,145,268,219,118, 73),
(  1, 47,274, 94, 57, 76,152,155,  8,261,174,247,232,201,249,146,  1),
(  1,137, 19,194,188, 38,279,186,124,248,217, 87,116, 58,134,166, 83),
(  1,  1, 97,278,226,183,244, 93,284, 62,  4,267,178,218, 29, 67,  1),
(  1,  1,139,113,131,262,122,213,142,237,158,  2,254, 89,109,  1,  1),
(  1,  1,  1,  1,  1, 61,107,214, 71, 31, 79,  1,127,  1,  1,  1,  1)
         val: 6468124
It took me 19.013 seconds. (17)

(252,144,140,200,285,266,170, 30, 54,184,230,225,272,198,192,264,210),
(120,160,273,189,104,124, 98, 50,212, 12,268,279,152,135,108,220,168),
(260,176,114,232, 18, 81,122, 62,287, 34, 22, 51,119,175, 78, 60, 90),
(204,282,245, 77, 26,203,185,262,278,146,155, 86, 15, 65,207,117,224),
(165,174, 32, 82,121,166, 17,113, 71, 11,202,274,235,209,284,128,156),
( 48,153,148,159,  9, 13, 89,103,107, 79, 97,  7,254, 14, 55,143,231),
(138, 76, 93, 25,  4, 43,  1,  1,  1,  1,  1,109, 13,118, 87, 28,246),
( 56,125,253,183, 59,  3,  1,  1,  1,  1,  1, 53, 19,267, 16,188,222),
(258, 69,145, 47, 67,  1,  1,  1,  1,  1,  1,  1, 61,177,259,129,147),
( 92,123,247,237, 73, 83,  1,  1,  1,  1,  1,  5, 29,201,161, 57,250),
( 42, 85,111,215,218,127,  1,  1,  1,  1,  1, 37,158,249, 58, 20,182),
(286,171,236,142, 49,137, 17,101,  1,  2, 41, 23,  8,205, 33, 44,162),
(112,128, 95, 21, 10,178,194, 31,139,131,206,219,265,221,141, 68,130),
( 96,110, 24, 81, 39, 94, 74,213,214,226,  6, 46, 27,172,242,190, 72),
(234,150, 66, 99, 91,164,134,106,187,217, 38,244,116, 75, 36,255,276),
(216,132, 70,238, 40, 64, 52,115, 35,261,133,248, 63,102, 80,126,288),
(180,270, 84,105,195,136,154, 88, 45,275,186,196,100,208,228,280,240)
         val: 18031631
It took me 131.734 s, total: 4.494 m (17)

18x18

(  1,  1,  1, 11,121,  5, 55, 25,125,323, 77,221,187, 85,  7, 17,  1,  1),
(  1, 13, 13,209,143,242,275, 91,250, 33,154,175, 35, 68, 34,119, 17,  1),
(  1,247, 95,133, 22,286, 44,110,165, 75, 99,231, 15,170,238, 51, 49,  1),
( 19, 38, 57, 65, 39,266, 50,182, 66,273,308, 70,297,255,245,153,265, 53),
( 73,319, 26,190,285,171, 88,220,117,132,198,105,272,136,102, 14, 21,106),
( 37,185,259, 76,114,130,195,176,100,150,225,210,315,204,306,147,212,159),
(219,111,203, 52,104,260, 78,200,264,300,140, 84, 45, 42,294, 98,318,301),
(146,145,287,152,304,228,156,312,234,280, 90,270,135,126,196, 63, 27,215),
( 74,292,148,290,222,208, 20, 80,120, 60,180,168,252,108, 28,189, 81,  3),
( 29,205, 87,296,253, 10, 40,160,240, 30,112, 56,216,324, 54,162, 81,129),
( 41, 58,116,232,174,261,128,320, 96,224,288,144, 72, 36, 18,258,  9, 86),
(131,262,164,299,246, 32,128,230,192, 48, 24,322, 12,  6,217,172,303, 43),
(109,218, 82,123,  8, 16, 64,184,276,138,207,310,161,279,213,267,202,101),
(  1,254,  2,316,295,  4,115, 92,282, 69,248,155,186,284,142,249, 71,  1),
(  1,127,158,237,236,177,235,188, 46,244,305,124,268, 93,201,178, 89,  1),
(  1,  1, 79,274,118, 23,291, 94,141,309,321,183, 62,134,166, 83,  1,  1),
(  1,  1,137, 59,314,194,278,206,214,298,122,226,302, 31, 67,  1,  1,  1),
(  1,  1,  1,  1,157, 97,139, 47,103,107,149, 61,113,151,  1,  1,  1,  1)
         val: 9301409
It took me 12.840 seconds. (18)

(180,315,216,156,200,152,36,88,64,99,75,102,66,130,80,60,288,252),
(168,140,112,114,318,98,148,115,85,316,143,155,128,54,136,273,132,120),
(150,162,138,184,76,77,129,123,253,94,15,33,95,171,186,48,154,220),
(160,135,153,116,133,65,62,203,265,215,14,86,118,292,50,104,70,90),
(208,147,24,125,21,74,194,79,131,101,254,121,49,26,87,119,42,96),
(322,117,164,111,134,214,157,137,89,47,17,103,177,82,46,55,68,176),
(78,81,244,34,206,151,41,113,1,1,83,67,73,183,247,69,124,290),
(190,35,93,319,61,71,59,1,1,1,1,1,139,178,142,141,28,56),
(174,172,57,259,149,109,1,1,1,1,1,1,97,37,321,106,51,175),
(30,18,27,249,53,31,1,1,1,1,1,1,3,218,298,22,243,170),
(182,145,323,202,278,169,1,1,1,1,1,1,13,166,213,122,52,189),
(165,282,284,10,201,289,7,1,1,1,1,5,29,9,303,38,161,105),
(100,248,32,299,219,4,11,127,2,1,43,226,302,25,205,268,45,294),
(204,238,207,39,235,267,6,107,23,19,274,314,8,185,188,232,222,234),
(198,110,63,44,236,146,287,291,295,262,237,309,217,16,261,250,297,306),
(308,108,255,256,275,242,58,209,305,221,301,187,159,92,266,195,276,320),
(210,192,260,272,40,245,20,212,158,12,91,279,258,285,231,72,324,280),
(240,264,144,126,84,225,310,286,196,296,246,230,304,224,228,312,270,300)
         val: 25985965
It took me 21.512 seconds. (18)

19x19

(  1,  1,  1,  1, 49,  7, 77,323, 22,242,121,133, 91,209,143, 11, 19, 19,  1),
(  1,  1,  1, 49,187, 21,221,154,231, 33,266,182, 76,286, 38,259,247,169,  1),
(  1,  1,287, 98,147,245, 35, 44, 63, 66, 99,273, 55,114,171, 57, 26,338, 13),
(  1, 97,291,119,196, 28,308,176, 88,189,304,152,297,342, 52,117, 95, 39, 37),
( 41,194,123, 14,357,294, 42,352,126,132,198,110,228,104,190,285,217, 65,341),
( 17,301, 51,238, 56,112, 84, 70,252,264,105,165,208,156,234, 78,351,333,111),
( 17, 34,205,246,153,224,336,168,140,210,220,330,312,260,130,195,222,148, 74),
( 82,164,328, 68,136,102,306,280,144,350,315,175,108, 54,275,296,325,329,185),
( 43,129,203, 85,272,204,255, 48,288, 72,216, 36,324,162, 81, 27,279,  9,  3),
(  2,172,344,319, 32,170,340, 96, 24,240,360, 90,270,135, 81,186,299, 93, 62),
(  1, 86,215,258,128,128,192,320,160,120,180,300,150,225, 45,248,124,155, 31),
(  1,267,  4,  8, 16, 64,348,322, 80, 40, 60,200, 30, 18, 75,310,282,235,141),
( 89,178,356,116,232,174,261,161, 12,276, 20,100, 50,250, 15,125,188, 94, 47),
(137,274,254, 58, 87,145,290,  6,184,138,230,345,207,253,318, 25,  5,334,167),
(127, 29,346,327,236,244,354,268, 92, 46, 10, 69,115,212,355,159,265,262,131),
(  1,173,326,218,118,177,295,305,332,292,316,284,237,213,106,339,302,298,149),
(  1,163,109,314,206,122,183,134,201,335,249,219,142,303,226,358, 53,151,  1),
(  1,  1,  1,157, 59, 61,309,214,321,166,146,158,278,202, 71,113,179,  1,  1),
(  1,  1,  1,  1,  1,103,  1,107, 67, 83, 23, 73, 79,139,101,  1,  1,  1,  1)
         val: 12896076
It took me 14.593 seconds. (19)


(360,312,144,108,105,230,66,36,40,99,138,88,114,170,224,132,220,140,240),
(270,126,260,255,175,171,63,98,95,177,145,52,50,147,174,154,204,150,168),
(160,84,176,30,45,155,65,55,16,166,188,129,35,143,92,75,70,192,234),
(60,165,152,186,338,141,247,26,106,121,22,86,69,39,236,164,136,162,200),
(228,273,116,161,159,187,62,49,201,83,226,237,305,185,111,119,128,153,72),
(96,222,28,178,118,122,358,163,41,71,149,137,89,218,134,91,243,232,112),
(238,261,133,27,158,173,43,103,107,139,131,127,67,194,25,58,12,296,231),
(189,124,51,38,6,157,109,101,1,1,1,1,73,31,206,146,93,207,42),
(250,172,142,94,23,47,61,1,1,1,1,1,1,167,302,205,34,32,246),
(117,68,82,291,29,17,1,1,1,1,1,1,1,11,289,303,209,284,344),
(190,81,123,14,334,151,1,1,1,1,1,1,1,113,9,265,221,115,54),
(56,148,292,259,214,13,37,1,1,1,1,1,3,361,321,217,125,76,196),
(110,64,212,355,8,202,79,2,1,1,1,97,59,314,213,299,87,248,297),
(100,256,77,253,339,219,254,262,5,53,7,19,179,346,329,74,356,266,195),
(225,272,184,268,341,267,309,274,298,278,4,326,235,10,169,316,318,208,135),
(306,80,328,325,33,15,203,215,327,183,249,343,301,319,244,44,322,285,90),
(210,198,345,78,245,85,57,323,295,335,287,46,21,20,282,130,304,156,315),
(280,324,308,294,286,104,258,279,332,242,18,333,275,310,48,352,320,216,252),
(336,300,264,288,348,276,351,290,354,24,182,102,357,340,342,350,120,330,180)
         val: 36659171
It took me 15.260 seconds. (19)

20x20

(  1,  1,  1,  1, 11,121, 77,323,221,209,133,319,203,  5, 19,247, 19, 29,  1,  1),
(  1,  1,  1,  7, 49, 49,242, 22, 14,245, 55, 35, 57,143, 38, 87, 58, 13,  1,  1),
(  1, 17,341,187, 33,363, 98,154, 44,385,399,266,286,261, 91, 95,145,377, 59,  1),
( 41,287,119, 21,374,147,231,196,308,165,171,275,114,285,190, 76,116,338,169, 79),
( 17,217,205, 85,238, 99, 66,392, 88,105,110,273,175,182,152,174,290, 26,295,118),
( 31,123, 51,155,357,297,294,198,132,330,220,342,228,364,380,348,232, 39,177,395),
( 82, 34,369,153, 63, 28, 42,396,264,315,176, 70,350,351,304,117,195,354, 65,236),
( 62,253,164,246,102,255,189,126, 84, 56,210,140, 45,234,390, 78,104,130,325,237),
(391, 93,279,328, 68,306,170,378,252,168,352,280,225,312,156,260,208, 52,371,158),
(303,  9,161,186,310,136,204,340,112,336,224,180, 60,150,200,100, 75, 50, 25,316),
(202,329,305,124,248,372,272,324,135,270, 90,360,120,300,400, 40,375,250,125,265),
(101,183,301, 27, 81,322,162, 54,108,216,144,288,240, 30,160, 80, 15, 10,159, 53),
( 61,122,244,366,207, 81,138,345, 18, 36, 72, 96,192,320, 32, 20,318,212,106,298),
(107,321,309, 69,282, 92,115,276,368,230, 24, 48,384,128, 64,  8,  4,365,274,149),
(103,214,206,141,235,387,376,184,  6,299, 12,259,128, 16,370,292,388,194,314,137),
(181, 23,362, 94, 46,188,258,215,344,355,333,222,296,148,185,219,291,278, 97,157),
(  1, 47,302,381,  3,129, 86,172,284,268,332,335,111,356, 74,339,146,358, 73,139),
(  1,151,127, 43,254,393,213,201,249,134,166,327,267,178,  2,398,226,179,  1,  1),
(  1,  1,  1,  1,131, 71,262,382,142,346,326,386,218,334,394, 37,199,113,  1,  1),
(  1,  1,  1,  1,  1,  1,191,173, 67, 83,163,193,109, 89,167,197,  1,  1,  1,  1)
         val: 17674410
It took me 50.502 seconds. (20)


(240,210,216,234,195,345,368,104,128,275,54,56,266,182,224,228,90,126,264,168),
(180,200,340,189,304,40,296,92,261,65,242,44,24,147,36,162,196,84,192,144),
(198,150,165,100,138,52,187,129,177,57,51,35,236,155,98,250,175,135,156,140),
(160,372,110,232,124,143,93,111,247,46,106,74,122,94,141,161,75,174,231,306),
(132,130,102,20,85,253,169,166,267,382,199,339,134,62,158,194,28,246,154,96),
(176,78,164,12,159,323,214,97,23,47,17,79,41,262,335,22,119,172,171,80),
(285,63,77,123,146,213,127,163,109,103,151,179,181,43,249,142,27,55,99,190),
(238,245,91,38,365,202,167,137,149,1,1,73,173,61,197,205,377,356,68,70),
(30,188,185,86,10,29,31,1,1,1,1,1,1,101,193,254,217,145,81,136),
(45,125,183,118,201,157,139,1,1,1,1,1,1,107,13,9,371,15,116,117),
(42,32,21,301,6,37,113,1,1,1,1,1,1,71,53,314,237,34,333,258),
(290,133,212,203,386,83,3,1,1,1,1,1,1,131,278,327,49,69,50,376),
(272,64,244,395,394,206,289,2,1,1,1,1,1,11,334,309,121,95,366,370),
(225,153,243,178,393,218,346,59,5,1,1,67,7,274,8,295,58,76,256,273),
(72,88,363,284,329,265,362,358,361,19,89,4,298,326,355,215,292,328,230,108),
(380,297,344,388,82,26,287,381,302,191,303,226,219,291,259,209,318,186,208,260),
(384,342,66,222,316,39,341,343,305,398,321,25,235,299,33,18,248,255,352,315),
(312,308,348,322,282,387,115,268,14,221,319,391,16,332,338,286,170,112,120,300),
(252,270,324,392,204,310,325,207,369,87,148,279,354,152,375,399,276,320,330,396),
(336,280,288,350,364,294,385,105,351,114,48,184,374,357,60,220,400,378,390,360)
         val: 50930907
It took me 52.747 seconds. (20)


21x21

(  1,  1,  1, 19, 19, 17, 17,221,323, 34, 51, 85,133, 25,  5,235,335, 47, 67,  1,  1),
(  1,  1,  1,169,247,187, 38, 57, 65, 95,325,425, 91,119,125, 94,141,134,329,  1,  1),
(  1,  1, 13,209,338, 39, 76, 68,190,171,170,153, 77,238, 10,188,268,201,205,415, 83),
(151, 11,391,143,418, 55,374,114,275,285,102,255,266,399,357,282,402,423,332,166, 41),
( 43,302,437, 26,301,429,152,130,136,380,340,306,182,250,375,376,175,410,164, 82,249),
(109,121,215,363,286,304,117,272,228,195,342,204,385,273, 50, 75, 15,328, 35,123,287),
(127,299,242, 33, 52, 78,110,165,260,408,154,364,231,150,225,350,105, 70,246,369,  7),
( 86,129, 22,430,104, 99,220,440,330,390,308,200,100, 30,140,315, 45, 63,403,245, 49),
(327,253,172,387, 44, 66,156,312,234,351,400, 60,300,420,210,135, 42,294,441,147, 49),
(218,436,344,258, 88,208,132,198,396, 40,120,180, 90,270,280, 84,126,392,196, 98, 14),
(254,381, 69,115,230,176,416,264,297, 80,240,360,336,168,252,378, 56,189,341, 21,217),
( 23, 46, 92,184,138,345,352, 20,320,160,144,432,224,112, 54,405, 28,310,434,155,295),
(274,411,428,377,368,276,414,322, 96, 48,288, 72,216,324,162,372, 27,186,279, 93,413),
(137,214,321,265,319,207,161,384,192, 24, 36,435,108, 18, 81, 81,248,354,124, 62, 31),
(107,422,417,  4,424, 16,128,128, 12,348,290,261,370,406,  6,203,  9,236,177,118, 59),
(211,139,278,106,212,318,  8, 64, 32,232,174,296,145,333,366,438,305,365,427,  3,  1),
(  1,191,382,298,159,407,371,426,395,116, 87,148,222,185,292,259,412,219,309,314,157),
(  1,149, 53,346,362,339,284,355,316, 58,356, 74,111,244,122,183,146,206, 73,  1,  1),
(  1,  1,173,181,358,226,213,404,303,237,388,291,178,267,393,394, 61,197,103,  1,  1),
(  1,  1,  1,179,113,386,142,202,158, 29,194,  2,326,398,262,334,167,  1,  1,  1,  1),
(  1,  1,  1,  1,  1,193, 71,101, 79,  1, 97, 37, 89,163,199,131,  1,  1,  1,  1,  1)
         val: 24077472
It took me 1.260 seconds. (21)

(432,180,168,120,60,196,154,88,136,250,152,256,40,110,112,228,132,140,312,270,396),
(210,315,294,165,255,174,207,30,68,203,215,116,50,328,75,186,182,160,204,192,300),
(252,416,195,290,175,248,188,115,219,91,119,69,32,81,279,99,56,138,80,200,144),
(220,96,231,171,217,205,284,218,111,206,27,82,106,213,428,143,245,54,170,84,126),
(234,176,322,172,243,39,16,221,178,118,74,122,194,202,159,141,133,261,402,190,260),
(72,266,117,292,21,253,415,274,226,103,61,67,295,121,22,146,123,209,153,184,189),
(162,282,387,155,86,134,109,193,181,53,163,173,139,211,262,169,437,185,92,258,285),
(70,246,65,177,166,254,131,199,101,157,1,79,179,149,37,25,301,38,55,45,48),
(286,366,87,62,291,47,167,2,1,1,1,1,1,137,127,382,237,142,187,52,102),
(130,363,316,329,321,197,89,1,1,1,1,1,1,1,151,17,249,26,77,124,66),
(114,212,51,49,417,4,41,1,1,1,1,1,1,1,113,97,267,14,15,145,147),
(238,296,57,427,6,361,7,1,1,1,1,1,1,1,59,107,394,94,183,148,424),
(374,275,236,403,343,302,191,1,1,1,1,1,1,1,31,334,158,377,85,128,230),
(135,232,95,46,259,9,19,11,1,1,1,1,1,5,73,303,247,58,18,222,78),
(224,370,333,125,319,395,298,29,83,289,3,13,71,398,278,335,34,35,76,354,272),
(276,368,425,338,201,265,8,422,358,23,43,314,362,386,327,371,332,161,63,375,105),
(156,108,418,64,12,323,365,355,339,346,326,381,309,235,407,341,244,98,310,351,324),
(380,306,225,104,318,404,93,214,299,10,393,411,305,287,33,242,325,344,357,352,216),
(264,198,150,100,297,426,44,268,388,129,391,413,356,436,20,423,410,208,348,350,440),
(280,400,384,364,372,345,36,42,164,28,412,369,24,438,376,434,429,342,308,390,360),
(240,378,408,320,340,90,385,441,435,304,430,273,406,399,405,392,414,288,330,336,420)
         val: 69395639
It took me 50.852 seconds. (21)

22x22

(  1,  1, 23, 13,169,299,161,391,125, 25, 91,221,437, 85, 51, 34, 49, 17, 17,  1,  1,  1),
(  1,  1,  5,371,115,338, 65,325,322,253,442,425,153, 35, 68,247,119, 49,393,  7,131,  1),
( 67, 53,265,469, 69, 26, 39,483,375,250,455,182,255,170,357,245,475,143,215,323,262, 43),
( 89,335,403, 46,207,345, 52,130,195, 75, 50,273,459,175,102,238, 21, 14, 95,187,301, 19),
( 31,106,427,217, 92,230,117,351, 78,260,225,364,306,340,136,476,147, 98,430,133, 86, 19),
(445,159,155,477, 15,138,460,104,234,390,150,100,350,204, 70,429,286,285,275,374,129,473),
(134,201,212,318,424,184,414, 45,156,208,450,315,105,408,272,441,196,190,399,387,172, 57),
(267,305,268,402,465,434,276,135,468,312,416,300,210,140, 63,294,380,385,266,258, 77, 38),
(178,356, 93,279,310, 10,368,405,270, 90, 60,200,420,280,189, 42,392, 28,231,344, 55,209),
( 61, 62,481,124,186,341, 20, 30, 40,180,360,400,378,252,126,330,462,342,154,171, 76,418),
(122,183,  9,366,248,372, 81,162,324,216,120,240,336,168, 84,220,165,308,110,114, 33,287),
(398,  3,244,329,377, 27, 81, 54,108, 72,432,480, 80,112, 56,440,456,228,304,152,363,242),
(199,339,415,235,259,470,370, 18, 36,144,288,160,320,224,396,264,198,132, 66, 99,484,121),
(113,226,452,185,423,333,  6,444,435, 12, 48, 96,192,448,406,297,352,176, 88, 44, 22, 11),
(181,362,447,141,282,376,222,296,145,290,348, 24,384,128, 32,410,246,369,205,123,451, 41),
(149, 47,298, 94,111,188,148,295,413,261,174,464,128, 64, 16,203,328,164, 82,381,254,127),
(  1, 83,382,166,249,332,355,426,354,472,116,232,407,438,  8,365,319,436,327,346,173,  1),
(  1,191, 37,358,466, 74,177,284,236, 87, 58,474,395,292,219,412,309,218,386,394,197,  1),
(  1,  1,179,233,334,142,213,118,  4,388,428,237,316,404,303,146,206,482,478,109,193,  1),
(  1,  1,  1,  1,167,446,326,471,291,194,453,321,158,417,202,411,274,454,241,239,  1,  1),
(  1,  1,  1,  1,223, 71, 59,314,422, 29,302,214,  2,278,458, 73,137,103,227,  1,  1,  1),
(  1,  1,  1,  1,  1,  1,163,157,211, 97,151,107, 79,139,101,229,  1,  1,  1,  1,  1,  1)
         val: 31999461
It took me 0.920 seconds. (22)

(420,288,320,140,204,108,112,182,459,152,70,285,135,322,272,154,208,126,260,315,240,360),
(168,216,198,231,238,190,100,175,66,261,143,76,99,128,472,318,222,189,156,224,234,450),
(264,220,276,162,266,186,148,92,217,215,155,237,268,145,81,212,75,102,464,60,294,312),
(228,200,176,174,54,209,187,93,55,51,125,121,226,123,85,235,124,376,36,195,84,192),
(150,230,207,425,32,69,141,183,299,142,166,82,122,214,218,213,35,119,171,88,165,132),
(90,442,258,91,201,158,94,206,466,274,393,59,254,343,146,202,86,177,68,30,110,96),
(80,117,116,203,21,473,249,223,229,157,47,197,149,211,327,49,265,118,316,325,114,273),
(48,147,115,219,15,10,278,113,151,163,97,89,181,191,107,9,169,377,129,20,56,196),
(184,248,205,244,371,478,227,361,73,1,1,1,1,167,83,346,302,178,62,133,63,170),
(42,52,65,388,247,482,101,179,1,1,1,1,1,1,139,23,309,259,26,111,256,484),
(40,164,185,22,287,37,103,1,1,1,1,1,1,1,1,61,398,445,58,284,172,282),
(242,50,159,134,447,386,199,1,1,1,1,1,1,1,1,193,67,194,437,33,328,153),
(136,344,292,74,355,79,137,131,1,1,1,1,1,1,127,41,241,303,341,18,296,370),
(290,24,161,57,335,314,11,173,1,1,1,1,1,1,19,239,454,471,481,77,250,345),
(385,246,333,356,295,321,43,109,7,3,1,1,2,5,53,358,339,305,253,369,410,465),
(405,310,98,95,87,267,381,334,17,13,29,289,71,233,262,298,411,301,12,438,286,160),
(308,429,354,44,338,407,427,422,382,362,31,4,326,458,446,8,365,469,221,406,368,414),
(144,392,375,45,279,404,106,14,453,6,394,417,291,25,415,395,38,245,402,351,72,324),
(390,340,357,104,426,188,39,391,403,323,451,413,319,329,34,412,477,475,435,348,460,456),
(330,448,342,225,232,78,423,436,452,428,332,27,16,46,243,366,374,418,372,476,270,440),
(468,252,384,444,455,304,470,424,236,363,28,387,64,275,434,130,483,380,400,280,210,432),
(480,180,378,120,306,416,441,105,399,138,474,297,430,255,352,350,364,408,300,396,462,336)
         val: 93332619
It took me 61.978 seconds. (22)

23x23

(  1,  1,  1,  1, 29, 37, 74,259,377,481,319, 49,407,  7, 91,507,338,169,287, 13, 41,  1,  1),
(  1,  1, 17,493,403,185,203,341,221,187, 35, 21, 65, 49,391, 39, 26,205,143,445,451, 11, 89),
(  1,  1,  5,145, 58,111,148,406,518,442,245, 98,455,273,182, 14, 52, 55, 77,123, 82,178,113),
(  1, 17,217, 87,119,116,333,370,222,325,147,195,130,117, 78,385,429,410,286,164,299,267, 23),
( 31, 34, 85,261,290,435,174,238,296,374,441,490,196,275,364, 28,104,154,369, 33,161,356,121),
(527,155, 51,425,434,170,232,357,444,175, 70,294,351,260,234,156,208,231,246,328, 22,253, 23),
(139,329,517,153, 68,255,522,348,476,350,105, 63,390,520,392,165,308,492,483,363,115,242,226),
( 62, 93, 25,310,102,136,340,464,272,525,315,210,140,468,312,462,416,110, 99,322,506,452,339),
(278,511,279,465,459,306,510,204,408, 30,189,420,280, 42,495,297,220, 66,345,230,484, 69,427),
(417,235,124,186,372, 50, 75,225,150,300,378,126,252, 84,330,440,198,132,460, 88, 44, 92, 46),
( 47,141,125,470,248,496,375,100,450,200, 60,120,504,168, 56,396,264,414,176,207,138,305,473),
( 94,365,423,282, 15,250, 45,500, 90,400,180,360,480,336,112,224,528,352,276,368,184,301, 61),
( 73,219,188,438,376, 10,135,405,270, 40,216,240, 80,160,320,448,494,418,247,366,488,183,122),
(  1,146,292,371,323, 81, 20,162,324,108, 72,432,144,288,192,384,128,516,430,209,244,471,314),
(151,302,453,265,  9, 27,243,486, 54, 12, 36, 24,399, 48, 96,256,256,258,344,215,437,362,157),
(211,422,489,415,159,477,318,475, 18,285,342,380,228,456,266, 64, 32,387,172,129, 86,502,181),
(  1,163,326,  3,395,212,498,424,  6,513,171,190,114,152,304,133, 16,469,436,411,274, 43,251),
(  1,197,394,519,249,485,332,295,474,354, 95,472,497, 76,402,  8,  4,515,412,218,358,454,137),
(  1,  1, 53,346,106,166,237,388,316,413,236, 57,426, 38,335,268,428,309,327,206,458,109,227),
(  1,  1,173, 83,398,291,158,505,177,508,404,355,524,284,201,321,134,214,478,526,103,229,179),
(  1,  1,  1,199, 79,466,194,381,254,303,118,393,213,142,447,501,  2,386,482,239,263,  1,  1),
(  1,  1,  1,  1,233, 97,127, 59,382,202,446,262,514, 19, 19,298,334, 67,107,241,  1,  1,  1),
(  1,  1,  1,  1,  1,  1,  1,  1,191,101,223,131, 71,257,  1,149,167,193,  1,  1,  1,  1,  1)
         val: 41989089
It took me 1.253 seconds. (23)

(360,336,210,340,126,150,72,165,494,154,54,174,88,100,258,345,105,224,198,324,280,240,528),
(252,260,234,132,60,238,130,56,147,472,172,76,244,75,117,36,246,256,255,200,350,312,432),
(270,192,306,276,190,66,296,98,81,143,215,133,145,203,259,369,275,222,110,208,90,204,456),
(320,225,96,250,136,279,32,35,249,183,122,437,27,262,129,316,65,243,282,245,273,342,220),
(140,231,484,261,217,155,237,159,517,214,226,134,218,146,34,58,284,332,221,99,285,160,364),
(156,189,184,188,187,213,62,118,169,305,314,103,278,335,49,14,527,87,77,116,30,196,84),
(195,322,207,119,51,177,365,121,131,23,97,239,71,127,526,267,106,202,111,209,148,230,372),
(176,42,164,205,86,323,298,241,13,163,211,107,197,151,101,173,25,10,201,185,161,328,135),
(506,128,125,21,194,303,257,167,193,191,1,1,1,199,227,47,466,501,299,57,235,424,272),
(304,171,91,141,166,346,59,181,137,1,1,1,1,1,149,223,251,339,287,39,12,92,310),
(248,24,95,142,327,43,53,89,1,1,1,1,1,1,1,79,229,274,178,206,508,338,232),
(175,45,55,158,302,37,113,67,1,1,1,1,1,1,1,179,109,6,309,74,219,44,102),
(297,438,28,254,291,358,73,41,1,1,1,1,1,1,1,139,157,9,489,26,93,477,63),
(104,290,212,356,82,458,11,83,1,1,1,1,1,1,1,7,31,8,413,377,85,64,459),
(464,186,124,69,391,502,446,233,5,1,1,1,1,1,2,361,4,514,371,473,292,344,170),
(80,470,402,412,407,515,326,454,29,289,1,1,1,3,19,386,362,485,38,388,253,286,496),
(348,399,370,333,15,329,265,411,398,263,394,529,61,17,382,482,453,497,33,242,410,375,294),
(228,429,418,425,404,319,301,471,417,334,321,478,422,447,393,295,415,341,268,376,266,368,384),
(315,392,182,442,318,115,16,403,355,381,343,395,445,519,427,505,94,20,354,138,357,414,378),
(120,308,416,162,114,507,52,123,493,22,469,511,46,451,481,428,363,426,40,374,500,495,390),
(288,216,460,486,48,78,153,50,68,524,18,436,452,423,247,325,474,434,435,380,522,180,462),
(300,440,168,490,444,441,465,512,406,488,475,236,387,366,498,152,70,385,476,144,520,450,504),
(396,510,330,408,400,516,492,455,112,518,351,513,430,483,108,405,352,448,525,264,468,480,420)
         val: 123737901
It took me 57.854 seconds. (23)

24x24

(  1,  1,  1,  1,  1,341, 11,121,527,247,221, 33,133,209, 95,187, 57,323, 19, 19, 17,  1,  1,  1),
(  1,  1,  1, 31, 93,143,551, 22,242,363,494, 99,418,561,374,119,299, 38,253,517,437, 17,  1,  1),
(  1,149,169, 62, 39, 77,493,429, 55,484,442,297,475,190,513,171, 76,153, 85, 51, 34,391, 47,  1),
(241, 13,403,155,507,279,286,117,351, 15, 44,266,399,285,425,114,459,506, 27,  9,329,141, 23,167),
( 73,447,217,338,124,186,465,572,231,165, 66,198, 88,357,342,255,152,102, 81,161,423,235,501, 23),
( 97,298,319, 26,539,310,154,558,275,110,495,132,532,570,238,228,306,170,243, 68,282,188, 94,334),
(482,291,219,434, 52,248, 78,385,372,462,220,330,396,176,380,456,304,483,136,470,207,413, 69, 59),
(511,365, 91, 65,182,273,496, 63,234,308,550,567,264,352,476,510,204,322,414,564,376,115, 46,  3),
(146,377,292,438,455,130,195,546,156,468,189,440,528,135,405,340,408,272,345,138, 92,531,177, 71),
(194,485,388, 21,325,104,364,260,390,312,126,378, 90,270, 45,162,486,544,276,230,354,295,213,118),
(  7, 49,451, 35,147,441,208,105,520,315,225,252,504,540,216,324, 54,460,552,184,426,497,355,142),
(  5, 49,203, 98,245,490,294,525,416,210,420,168,450,180,360,432,108, 36,575,368,472,236,284,249),
( 29,533, 87,406,261,196,522, 42,350,140, 84,150,336,120,240,144, 72, 48, 18, 12,498,568,415,166),
(371, 58,145,407, 14,435,175, 70,392, 75,280,560,300, 60,480,288,576, 96, 24,  6,549,332,573, 83),
(543,159,481,477,318,290,174,348, 28,375, 56,112,224,400,448, 30,192,384,256,366,305,183,453,191),
( 53,106,265,212,530,116,369,232,464, 50,250,500,100,200, 80,160,320,128,256,488,244,393,382, 61),
(181,362,515,287,424,574,410,246,125,492,555,333,444, 40, 20, 10, 64, 32, 16,427,524,122,302,151),
(  1, 41,386,309,205,123,559, 25,518,328,370,222,296,473,516,387,402,  8,505,404,303,262,422,131),
(  1,193,538,545,327, 82,412,259,164,185,474,148,534,430,258,344,536,565,452,339,202,454,478,211),
(  1,269,103,206,471,436,553,395, 74,111,316,301,215,469,172,  4,268,201,226,562,446,502,227,239),
(  1,  1,109,394,218,417,381,556,508,237,445,267,356,129,335,537,134,  2,526,566,113,101,251,  1),
(  1,  1,197,157,458,314,278,254,489,535,321,428,178, 86,548,519,358,542, 67,283,281,223,  1,  1),
(  1,  1,  1,229,139,127, 37,398,326,158,514,214,554,411,274,346,466,179,271,263,  1,  1,  1,  1),
(  1,  1,  1,  1,  1,  1,199,163, 79,257,107, 89,277, 43,137,173,233,  1,  1,  1,  1,  1,  1,  1)
         val: 54819579
It took me 2.497 seconds. (24)

(420,480,570,552,126,204,348,385,189, 48,370,530,418, 70,196,492,372,460,490,495,520,432,560,504),
(546,468,220,132, 90,176,513,152,568, 54,147,344,402,376,290,434, 78,483,195,308,384,264,450,540),
(510,550,198,208,464,375, 30,498, 64,369,338, 65, 69, 12,531,333,242, 56,256,266,414,228,120,576),
(168,224,544,282,406,243,187,287,548,267, 87,278,219, 82, 57,428,316,244,475,459,465,405,400,180),
(324,444,429,136,279, 91,215, 39,226, 46,301,417,573,377,407,218,178,183,133,472, 42, 72,340,525),
(500,496,518,261, 52, 51, 15,319,415,543,298,386,466,554,335,565,371,142,213, 50,575, 66,231,380),
(286,238,175,387, 18,118,485,327,526,283, 47,229, 37, 41,269,  6,365,527, 34,292,247,318,162,160),
(165,104,425,115,262,305,519,  4,137, 31,241,199, 53, 11,179, 23,502,  8,341, 38,235,363,506,352),
(112, 40,423,356,146, 49,562,271,103,151,  5,  1,  1,157,211, 59, 23,326,515, 26, 35,148,258,182),
(357,366,212,159,505,501,446, 79,163,  1,  1,  1,  1,  1,  1,167,109,478, 49,391,388,221,117,130),
(410, 75, 28, 86,553,358,131,257,  2,  1,  1,  1,  1,  1,  1, 83,227,394,303,535, 94,508,536,374),
(310,474,412,403,469,381, 61,107,  1,  1,  1,  1,  1,  1,  1,  1, 97, 67,453,355,122,404,171,100),
(297, 92,145,437,202,471, 17, 29,  1,  1,  1,  1,  1,  1,  1,  1,127,181,346,206,237,205, 63,184),
(322,328, 95,254,194,339, 19,239,197,  1,  1,  1,  1,  1,  1,149,223,514,393,166, 27,119, 98,304),
(442,539,268,177,497, 25,454,191, 17,  1,  1,  1,  1,  1,  1,  7, 89,314,169,551,129, 32,153,441),
(455, 88, 44,111,451,121,321, 71,251, 73,  1,  1,  1,  3, 13, 43,281,542,413, 62,141,172,114,255),
(516,186,188,253, 21,481, 10,302,422, 19,173,101,193,139,113,263,382,395,517, 33, 77,164,102,156),
(306,351,470, 76,185,559,323,295,362,538,277,233,398,482,  9,334,537,427,533,524,143,248,555, 84),
(144,567,494,128,236, 55,106, 22,329,489,447,309,458,291,566,411,493,473,203,259,424,250,273,476),
(315,200, 80, 36, 24, 68, 85,332,299,214,511,445, 14,545, 58,274,158,125,161,354,222, 96,522,572),
(462,260,294,399,138,426,507,436, 93,123,134,201, 74, 16,249,155,452, 81,325,232,275,564,234,378),
(300,456,192,225,135,256,207,488, 20,217,209,556,265,477,116,284,549,430,435,272,150,558,408,210),
(252,288,270,320,532,392,561,484,245,174,124,438, 45,296, 99,534,110,574,285,416,276,448,440,396),
(360,528,280,390,216,350,342,108,368,230,190,345,246,154,170,105, 60,486,364,140,312,330,336,240)
         val: 163000144
It took me 25946.732 s, total: 510.281 m (24)

25x25
(  1,  1,  1, 31,527, 23, 23,391,341,299,187,143, 92, 46, 69,253,115,161,242, 22,121, 11,  1,  1,  1),
(  1,  1,  1, 17,403,437,209,155,217,119,598,374,184, 91,506,322, 44, 33,363, 77,481,  7,407, 73,  1),
(  1,  1, 13, 62,221, 93,124,133, 85,434, 65,561,286,138,207,230,483,484,575,605,539, 55, 49,511, 37),
(  1,289,589,583, 51,442,248,279,418,465,238,368,429,425,621, 88,345, 99,154,385,275, 14, 49,219,146),
( 19, 19,323, 34, 26, 68,186,266,310,170,357,572,595,414,460,325, 66,308,231,110, 98,584, 35,259,365),
(101,169,578,338, 95,496,153,372,558,620,476,182,276,176,455,616,462,220,165,550,147,245,438,292, 74),
( 53,247,371,494,136,272,102,459,399,475,255,273,552,264,132,440,297,495, 28,196,490, 21,518,451,185),
(151, 38,505,507, 39,544,190,204,306,532,340,364,352,528,396,198,330,392,294,441, 70,175,555,148,111),
(202,303, 57, 76, 52,104, 78,285,408,612,510,195,546, 56,594,280,588,140, 42,105,350,296,222,370, 25),
(106,404,606,152,114,304,228,208,380,570,130,260,390,168, 84,560,420,210,315,525,592,444, 50,333,517),
(453,493,265,477,171,608,456,416,156,312,468,520,585,336,504,252,126,400,200,189, 63,375,250,125,125),
(302,159,424,318,530,513,342,117,351,624,234,448,224,112,120,378,600,300,450,150,500, 75,533,287,  5),
(254,604,212,469,  8,319, 32, 64, 48, 96,288,144,480,240,360,180, 60, 90,567,225,100,574, 10,329,581),
(127,551,508,377,536,402,256,256,384,192,576,432,216,320,160,540,270,135, 30, 45,615,410,611,205, 41),
(454,381,201,268,335,603, 16,128, 12, 24, 36, 72,108,324, 80,162, 40,405,492, 15,470,164,235,415,346),
( 67,489,134,412,  4,618,  6,232,464,348,522,580,609, 18, 54,486, 20,564,328,246,369,123, 82,519, 47),
(227,326,206,309,428,515,568,116,174,261,290,406,435,516, 81,243,602,376,282,423,332,141,553,166,173),
(163,103,214,321,556,535,426,497,559,145,203,590,344,258, 27,430,473,301,188,498,623, 94,249,591, 83),
(  1,107,278,417,142,284, 58,355, 87,472,354,  9,387,488,366,610,474,316,427,548,395,411,274,394,197),
(  1,139,502,526, 29,213,436,452,545,236,531,413,172,582,549,215,534,305,596,445,447,471,446,137,  1),
(  1,251,263,482,458,334,501,327,339,177,565,295,129,388,244,183,356,237,158,597,298,314,149,223,  1),
(  1,241,229, 71,478,586,218,226,537,573,118,543,524, 86,291,122,485,267,178,398,422, 79,157,  1,  1),
(  1,  1,  1,239,167,109,554,514,358,382,362,579,  2,262,393,194,  3,538,622, 89,199,211,  1,  1,  1),
(  1,  1,  1,  1,293,277,179,113,562, 59,386,566,614,466,542, 43, 97, 61,269,311,  1,  1,  1,  1,  1),
(  1,  1,  1,  1,  1,  1,257,281,191,181,193,283,307,131,233,271,  1,  1,  1,  1,  1,  1,  1,  1,  1)
         val: 70535293
It took me 2.744 seconds. (25)

(360,560,432,270,168,364,392,416,595,176,561,621,256,555,368,100,496,609, 72,198,490,330,570,612,420),
(480,396,378,384,276,405,105, 48,518,175,279, 40, 54,318,171, 66,506,250,310,225,320,260,288,252,600),
(300,264,294,372,297,230,258,618,243,188, 20, 77,133,247, 92,172,268,584,102,154,231,544,550,312,616),
(440,585,108,162,442,534,605,387, 65,201,303,604, 34,316,436, 55,143,164,488, 42,464,255,156,448,390),
(456,444,286,483,153, 76,265,183,213,298,319,511,262,515,289,122,134, 51, 28,475,470,484,273,234,315),
(476,441,290,438,284, 91,237, 58,142,371,226,  8,489,339,579,214,451,118, 57,404,423,136,345,522,350),
(348,266,418,498,295,508,194,415,573,502,466, 31, 43,151,307,526,535, 14,481, 12,155,325,296, 80,340),
(492,170,424,236,125,407,413,622, 89,  4, 19,181,131,241,269, 23,394,537,485,517,205,305, 36,375, 90),
(615,282,507,115,493,445,447,  9, 73,173,109,223,157,127,211, 71,281,514, 49,278, 21,338,531,602,567),
(165,354,287, 82,403, 10,398, 41,139,167,  1,  1,  1,  1,  1,199,137,293,346,166,391,145,124,186,304),
(114,344, 95,202,341,395,566,197,179,  1,  1,  1,  1,  1,  1,  1, 19, 37,314, 49, 38, 39,161,582,208),
( 78,299,548, 74,323,  6,542,277,  3,  1,  1,  1,  1,  1,  1,  1,  1,239,454,501,623,206,217,369,152),
(434, 24,215, 16,581,321,458, 47,  1,  1,  1,  1,  1,  1,  1,  1,  1,229, 83,362,335,274,119,366,246),
(513, 64, 18,291,377,478, 67,193,227,  1,  1,  1,  1,  1,  1,  1,  1,271,554,327,611, 15,603,430,598),
(184, 75, 50,141,427,158,103, 17,163,  1,  1,  1,  1,  1,  1,  1, 79,283,382,565,583, 87,212, 56,574),
(435,539, 52,185, 26,545,586,113,257,  5,  1,  1,  1,  1,  1,107, 11,149,417,505,559,356,116,207,351),
( 84, 30,376,301, 62,106,543,334,101,191,  7,  2,  1,  1,233, 97, 61,311,355,551,159, 32,363,138,182),
(608,406,117,477,556, 46,469,471,562,422,263, 13, 53, 23,251, 29,326, 25,254,219,249,148,147,374,192),
(380,592,610,242,187,111,533,497,411,614,538,482, 59,446,393,386,597,553,146, 93,209,568,222,238,532),
(140,352,465,232, 68,235, 86, 22,121,453,519,358,381,591,169,473,589, 94,129,203,472,590,190,564,580),
(408,414, 60, 70,261,549,388, 69,437,178,329,218,365,527,302, 27, 33,267,221,333,474,370,228,126,572),
(520,400,306,112,275,402, 63,244, 81,412,428,524,452,177, 35,596,309, 85, 45,530, 88, 96,204,144,588),
(546,180,308,224,272,110,245, 99,292,253,578,125,123,332,259, 44,426,128,104,459,385,342,150,216,336),
(624,468,510,525,500,285,429,130,322,536,575,425,328, 98,606,410,174,135,486,200,460,220,552,280,528),
(504,576,450,462,210,620,132,357,189,196,494,248,256,399,195,455,558,516,160,324,495,120,594,240,540)
         val: 210537837
It took me 27428.409 s, total: 638.879 m (25)

26x26

(  1,  1,  1,  1,  1, 19, 19,  7,451,407,133, 49,209, 49, 95, 77,481,242, 22,551,121,319, 11, 29,  1,  1),
(  1,  1,  1,  1, 37, 74,583,259,185, 38, 21, 14,418, 33,539,533,363, 35,605, 55,638,203, 58,674,337,  1),
(  1,  1,  1, 41,649,111,287, 57,518, 76,266,627, 98,665, 44,475,484,589,406,493,247, 87,437,145,206,103),
(  1,241, 53,371, 82,265,205,296,574,370,399, 99,190,231,154,245,385,609,261,275,232,116,143,253,515,667),
(313,107,482,535,123,148,333,171,410,555,532,285,380, 66,308, 88,165,110,494,174,435,290,506,412,309, 23),
( 59,626,413,629,671,164,222,592,114,152,147,196,462,616,176,490,220,550,175,464,580,637,618,161, 25, 23),
(131,214,106,295,369,246,530,444,615,304,297,392,570,132,495,330, 70,522,348,572,429,286,322,125,125,377),
(157,321,655,212,323,328,666,513,228,608,294,198,264,352,105,660,440,350,100,644,483,250, 50, 91,575,  5),
(118,159,428,642,424,590,492,342,441,456,594,588,396,528,315,210,140,525,150,500, 75,375, 15,230, 10,115),
(262,177,236,477,318,187,656, 28, 42, 56, 84,168,112,630,420,280,450,225,200,364,182,455,460,345, 92, 46),
(393,553,524,354,472,636,646,374,561,378,126,252,336,448,224,560,600,300,400, 40,273, 20,650,325,598,299),
(314,471,427,531,305,119, 63,189,567, 72,595,504,672,360,180,120,675, 80,546,552,414,276,368,184,341, 69),
( 79,237,628,395,632,610,238,357,476,216,432,288,405,540,480,240, 60,160, 30,390,520,260,130,138, 65,473),
( 61,158,316,474,488, 81, 54,162,324,648,144,576, 96,270, 90,320,468,624,312,585,621,195,207,676,338, 26),
(  3,122,183,549,366, 27, 18,486, 36,108, 24,510,192,384,135,640, 45,234,156,416,208, 78,104,391,507,169),
(274,411,548,244,  9,  6,243,459,306,612,408,255,340, 48,256,425,351,434,620,117,602,430, 52, 39,559, 13),
(591,226,339,452,565,469, 51,153,102,204,272,544,170,128,256,663,651,442,465,310,645,301,215,403,485,458),
(137,278,417,556,596,578, 34,536, 68,670,136, 12, 32, 64,558,372,496,516,217,344,172,155, 86,346,514,229),
(113,394,447,289,652,604,603,402,335,  8, 85, 16,564,658,279,186,248,221,258,582,129,388,519,194,538,257),
(197,139,298,489,453,201,623,268,534,438,584,423,282,376,329,470,517,124,387, 62,611,635,358,622, 43,173),
(  1,149,554,326,302, 17,134,356,511,657,498,664,426,568,188,654,235, 93,508,545,291,537, 31,662, 97,269),
(  1,163,151, 67,382,573,633,178,267,292,445,581,639,497,606,527,355,436,505,381,254,566,562,179,331,311),
(  1,  1,277,191,478,422,579,669,219,  4,365,332,284,141,415,668,404,327,218,542,454,466,283,281,  1,  1),
(  1,  1,  1,211, 89,502,386,446,  2,146,249,166,213,142, 94,303,202,543,362,109,127,227,233,  1,  1,  1),
(  1,  1,  1,239,251,193,223, 73,526,634, 83,614,586,597,398,501,334, 47,181,271,  1,  1,  1,  1,  1,  1),
(  1,  1,  1,  1,  1,  1,  1,  1,263,317,  1,307,293, 71,199,167,101,  1,  1,  1,  1,  1,  1,  1,  1,  1)
         val: 89942200
It took me 2.707 seconds. (26)
(672,450,546,390,216,550,294, 60,405,208, 80, 48,602, 56,246,555,561,352,200,144,320,440,210,252,560,360),
(330,396,264,495,260,636,595,238,102,470,117, 63, 75,475,147,402,279,296,399,609,350,644,378,570,300,480),
(468,312,308,522,231,645,435,498,539, 52,172,335,329,221,268,376,171,354,438,459,676,204,340,168,270,576),
(612,456,444,455,154, 66,584,477,578, 91,115, 12,334,412, 55,247,259,423,472,366,325,310,266,380,315,648),
(120,392,608,646,282,507, 76,253,125,303, 39,407, 74, 46,142,671,548,436, 20,164,207,328,230,486,666,594),
(140, 84,286,186,534,124,205,237,158,403,445,591, 25,633,121,298,262,214, 27,508,116, 45,484,196, 96,552),
(414,272,258,582, 28,321,213,314,415,447,634,562, 61,554,398,626,393,355,202,629,652, 44,128,434,255,372),
(567,418,136,369,217,452, 58,365,519,358,526,307,283, 41, 53, 73,478,502,669,559,309, 32,316,530,464,108),
(112,610, 64,319, 69,667,473,471,362,163, 59, 97,  2,  3,  7, 89,193, 19,573,469,493,604,161,245,290,627),
(105,256,244, 18,134,583,381,454,109, 47,257,  1,  1,  1,  1,  1,271,293, 29,339,649, 26,155,639,574,496),
(368,568,133,404,589,413,579,223,131,233,  1,  1,  1,  1,  1,  1,  1,127,139,538,278, 38,327, 92,250,615),
(429,590,203,106,391,581,  9,167,191,181,  1,  1,  1,  1,  1,  1,  1,241, 43,331, 10,437,119,387,256,375),
(598,425,428,219,377,485,458, 37,151,  1,  1,  1,  1,  1,  1,  1,  1,137,179,622,674,533,388,143,664,130),
(513,605, 65,183, 14,565,337,311,199,  1,  1,  1,  1,  1,  1,  1,  1,229, 19, 83,501, 34, 93,295,424,182),
(465, 54,188,556, 82,515,662,211,269,  1,  1,  1,  1,  1,  1,  1,  1,  5, 79,346,535,517, 21,299,174,430),
(176,654,332, 51,302,395,411,482, 11,101,  1,  1,  1,  1,  1,  1,  1,227, 23,453,553,206,356, 81,138,100),
(416,232,603,187,177,623, 49,586, 71,251,197,  1,  1,  1,  1,  1,113,157,466, 49,511, 94,185,284,104,345),
(500,442,632,287,265,326,427,417,542,107,239,173, 17,103,263,149, 31,394,543,505,341,291,305,488, 70,544),
(580,135,248, 50, 95, 57,481,254,  6,  4,313, 23,277, 13,281,317,514,422,226,371,267,159,148,175,638,126),
(490,483,351,618,242, 35, 16, 86,545,  8,537,382, 67,566,614,386,597,489, 22,218,201,323, 99, 78,385,234),
(220,132,656,370,575,243,125,141,611,527,274,178,446,194,635,655,289,169,166,628,145,363,152,663,228,675),
(525,276,297,190,333,153, 68,215,524, 15,146, 62,497,551,451,118,122,249, 85,292,637,642,304,516,306,585),
(510,384,460,285,322,114, 40,344,212, 77,596,129, 87, 33,123,111,235,549,474,261,506,110,273,150,572,180),
(600,280,532,160,225,441, 88, 42,338,426,236,209,668,301,531,657, 98,606,275,374,165,564,156,448,616,624),
(504,240,324,650,192, 90,348,357,410,518,494, 30,536, 24, 36,184,318,170,621,665,342,476,400,520,528,420),
(630,540,432,288,640,364,620,558,492,162,592,651,222,658,406,670,195,189, 72,224,198,408,462,588,336,660)
         val: 270391079
It took me 12022.200 s, total: 559.451 m (26)

27x27

(360,540,560,468,690,696,400, 84,567,492,176,638,190,621,592,705,286,225,228,150,580,144,120,680,546,714,630),
(672,240,300,594,324, 90,608,665,484,184,222, 54,678,498,128,344,328,130,110,154,372,132,140,495,168,612,660),
(576,432,390,490,486, 72,676, 48,472,147,531,268,549,341,188,316, 52,424,363,430,646,105,558,192,350,312,252),
(728,264,644,351,272,325,248,618,507,657,217,556, 69,652,201,125,355,161,299,261,590,174,170,276,352,308,520),
(640,532,160,609,275, 56, 50, 55,237,321,361, 62, 82,194, 26, 46,158,129,404,301,332,117,282,555,500,342,693),
(220,294,627,465,333, 81,724, 57, 16,377,493,122,655,679,371,699,289, 14,551,668,692,148,153,138,255,416,675),
(126,231,196,152, 45,265, 51,481,262,565,415,573,579,453,422,698,  6,695,214,713,159,343,172,318,615,595,448),
(204,663,494,725,287,291,611,274, 49,458,554,337,167,103, 59,586,  9,597,302,581,517, 21,221,568,258,310,198),
(455,374,426,143,436,589,583,469,411,514,347,311, 41, 17, 43,109, 19,179,447,681,515,142,213, 68,171,175,285),
( 96,658, 24,115,596,697,254,482,223,307,269,197,  1,  1,  1,  5,283,241, 89,478,685,649,267,292,575, 88,429),
(238,410,356, 18,106,146,505,526,173,239,  2,  1,  1,  1,  1,  1,  1, 73,113,626,381,134,178, 91,488,518,561),
(354,670,116,428, 58,497,635,353,317,199,  1,  1,  1,  1,  1,  1,  1,251,101,359,446,451, 34, 65,711, 30,189),
(136,539,369,305,671,314,454, 37,281,  1,  1,  1,  1,  1,  1,  1,  1,  1,157,181,662,511,358, 27, 98,654,418),
(506,370, 32,716,721,445,542,163,  7,  1,  1,  1,  1,  1,  1,  1,  1,  1,271, 29,394, 10,629,303,253,243,406),
( 78,606, 95,327, 94,395,471,331,211,  1,  1,  1,  1,  1,  1,  1,  1,  1,131, 31,562,489,703,628, 76,610,100),
(135,256,244,141,121,473,718, 23, 23,233,  1,  1,  1,  1,  1,  1,  1,193, 61,  4,706,545,527,335,242,712,368),
(645,114,603,388, 74,391, 25,502,313,107,191,  1,  1,  1,  1,  1,  3,263, 13,634,687,553,183,119,376,256,464),
(208,434,584,259,219,403,543,  8, 79,229,149,127,  1,  1,  1,151,257,139,382,519,298,533,412,329,637, 66,195),
(636,230,207,235, 33, 38,559,417,591,566, 71, 83,293, 11, 67,277, 47,538,614,535,407,508,247,387,438,435,392),
(620,513, 42,534, 85, 93,226,623,707,393,386,349,137, 53,227, 97,622,694,633,485,362,125, 28,605,574,651,708),
(306,516,375, 99,284, 35,346, 86,334,413,537,717,669,398,466,674,723,427,202,118,452,155, 75,582,266,108,460),
(525,200,165,250, 40,236,133,604, 15,206,218, 22,365,501,278,689,667,169,524,548,215,124,402,322,399,380,364),
(570,704,357,182,686,366,425,323,295, 87,111,166,326,249,437,123,177,309, 77,212,423,530,102,385,666,320,210),
(684,315,260,564,290,602,279,664, 92,578,203, 12, 39,339,205,185,145,722, 44,338,245,470,112,156,550,456,280),
(700,510,552,340,444,273, 70,186,474,243,477,209,187, 20,319,164,639,475,642, 36,496,345,544,234,216,588,336),
(504,330,616,378,585,726,522,459,598,232,710,296,632, 64,536, 63,246,442,162, 80,405,414,650,270,702,648,600),
(420,624,450,396,462,440,572,476,224, 60,483,656,688,682,104,441,715,297,304,348,384,408,288,180,528,480,720)
         val: 343426071
It took me 18900.678 s, total: 1001.437 m (27)

(  1,  1,  1,  1, 37,  7,259,  5,703,481,323,221, 25,125,133, 95, 38,722, 57,247,361, 19,169, 13,  1,  1,  1),
(  1,  1,  1, 17,629,185,551,377, 49,343,407,646,187,125,637, 76,475, 91, 65, 26,338,301,215, 86,559,  1,  1),
(  1,  1,  1,289,111,533,119, 51,425,686, 35,442,663,266,665,190,399,325,494,676,602,507,209,371,689, 43,  1),
(  1,271,581, 74,578, 85,518,589,403, 98,153,245,175, 21,152,182,455,285,114, 52,171,430, 39,553,129,473, 53),
(  1,542,493, 34,148, 14,370,333,555,595,357,147,250,532,380,375,650,273,130,539,688,418,645,172,265,106, 79),
( 83,697,685,415, 68,296,222,238,170,102,255, 50,374,304,561,364,228, 75,104,195,513,627,344,143,395,535,107),
(137,166,249,287,451, 10,592,444,476,196,714,490,459,608,728,456,570,260,342, 78,715,117,530,258,387,159,583),
( 41,411,205,203,611,725,136,340,666,392,510, 70,294,350,500,441,520,546,390,585,516,286, 77,424,212,477,158),
(274,548,332,498,574,319,272, 28,680,204,306,588,700,100,525,105,416,684,208,156,572,275,429,318,437,316,237),
( 29,527,145,410,406,615,544, 56,408,612,140,280,200,210,300,150,624,312,468,385,234,351,636,632,474,711,214),
( 82,123,664,246,290,609,435, 20,112, 42,560,400,420,600,630,315,450,225,675,702,154,231,110, 55,642,428,321),
(149, 58,164,328,369,492,580,638,224,448, 84,336,168,504,252,126,616,308,462,550,693, 63,165, 15,605,655, 11),
(447,545, 87,656,232,464,261,696, 40, 80,160,672,240,720,360, 90,378,660,330,189,135,495, 45, 99,299, 33,121),
(298,596,329,116,658,174,391,348,522,640,320,480,120, 60,180,540,270,440,220,567,405,198,598,297,363, 22,393),
(218,695,436,235,217,470,434,705,651,620,384, 30,576,144,432,216,528,176,264,396,594, 66,726,484,242,524,262),
(109,327,556,623,654,155, 16,310,128,256,465,192,288, 72,704,352,648,108,324,132,162, 44,243, 81,  9,  3,131),
( 47,278,417, 94,188,376,282,564,496,256, 64, 96, 48,644, 36,460,690,575, 88, 54,486,670,243, 27,469,723,482),
(139,  2, 31,445,141,667,124,423,248, 32,372,558, 24,682,322,552,483,345,414, 18,506,  6,511,253,335,633,241),
(251,502,326,652, 62,497,712,534,710,517,186,279,341, 12,368,276,230,138,207,621,536,402,657,603,717,422,211),
(  1,163,382,178,489,356,355, 93,568,426,  8,472,590,708,610,184, 92,161,115,584,438,268,365,201,478, 67,239),
(  1,191,514,386,573,267,  4,284,707,413,639,295,354,488,531,366,582,549,618, 69,292,671,219,134,526, 73,263),
(  1,257, 89,622,579,597,142,565,213,678,713,606,427,244,305,679,485, 46,649,721,515,146,591,586,634,317,  1),
(  1,  1,193,706,398,454,681,628,452,505,404,236,508,635,177,388,183,412,291,206,309,669,394,562,293,  1,  1),
(  1,  1,311,199, 71,662,554,226,339,724,303,118,692,716,604,122,668,194,501, 23, 23,614,446,197,281,  1,  1),
(  1,  1,  1,353,331,227,718,314,471,362,202,543,699,687,381,519,537,453,334,566,698,538,307,223,  1,  1,  1),
(  1,  1,  1,  1,  1,277,157,113,101,674,466,458,254,346,358,302,626, 61,694, 97,103,349,269,  1,  1,  1,  1),
(  1,  1,  1,  1,  1,  1,359,  1,337,181,233,229, 59,127,173,179,151,313,167,347,283,  1,  1,  1,  1,  1,  1)
         val: 113276844
It took me 3.965 seconds. (27)









         val: 24125861
It took me 61.387 seconds. (21)

         val: 32787556
It took me 100.751 seconds. (22)

         val: 46050139
It took me 144.232 seconds. (23)
